16
A -6.92206 107.60399
B -6.92254 107.60762
C -6.92303 107.61187
D -6.92176 107.612
E -6.9201 107.61218
F -6.91971 107.60992
G -6.92145 107.60979
H -6.91956 107.60832
I -6.92123 107.60799
J -6.91896 107.60665
K -6.92023 107.60817
L -6.92001 107.60658
M -6.92104 107.60644
N -6.91834 107.60427
O -6.92081 107.60408
P -6.92276 107.60978
0 1 0 0 0 0 0 0 0 0 0 0 0 0 1 0
1 0 0 0 0 0 0 0 1 0 0 0 0 0 0 1
0 0 0 1 0 0 0 0 0 0 0 0 0 0 0 1
0 0 1 0 1 0 1 0 0 0 0 0 0 0 0 0
0 0 0 1 0 1 0 0 0 0 0 0 0 0 0 0
0 0 0 0 1 0 1 1 0 0 0 0 0 0 0 0
0 0 0 1 0 1 0 0 1 0 0 0 0 0 0 1
0 0 0 0 0 1 0 0 0 1 1 0 0 0 0 0
0 1 0 0 0 0 1 0 0 0 1 0 1 0 0 0
0 0 0 0 0 0 0 1 0 0 0 1 0 1 0 0
0 0 0 0 0 0 0 1 1 0 0 1 0 0 0 0
0 0 0 0 0 0 0 0 0 1 1 0 1 0 0 0
0 0 0 0 0 0 0 0 1 0 0 1 0 0 1 0
0 0 0 0 0 0 0 0 0 1 0 0 0 0 1 0
1 0 0 0 0 0 0 0 0 0 0 0 1 1 0 0
0 1 1 0 0 0 1 0 0 0 0 0 0 0 0 0
