8
A -6.893862 107.608453
B -6.893219 107.610436
C -6.893731 107.612947
D -6.887351 107.613535
E -6.892590 107.610410
F -6.887909915582224 107.60824184460915
G -6.887210742330957 107.6113987513734
H -6.885181843109814 107.61295689769521
I -6.884901243188653 107.61146833695106
J -6.885195015034634 107.61367947079181
0 1 0 0 0 1 0 0 0 0
1 0 1 0 1 0 0 0 0 0
0 1 0 1 0 0 0 0 0 0
0 0 1 0 0 0 1 0 0 1
0 1 0 0 0 0 0 0 0 0
1 0 0 0 0 0 1 0 0 0 
0 0 0 1 0 1 0 1 1 0
0 0 0 0 0 0 1 0 1 1
0 0 0 0 0 0 1 1 0 0
0 0 0 1 0 0 0 1 0 0